-5.437360179886664991e+04
-2.213083949247042256e+04
-1.348288314715418892e+04
-9.541849411005403454e+03
-7.236234562535853911e+03
-5.746616989909717631e+03
-4.670056019377567281e+03
-3.883652546330970381e+03
-3.267146403990509043e+03
-2.748469456882834038e+03
-2.338962854487404911e+03
-2.013525271502038322e+03
-1.713503173084213131e+03
-1.475087706603283550e+03
-1.284581528089598351e+03
-1.105856322026875205e+03
-9.519811138540469528e+02
-8.290191773925425878e+02
-7.136913110792612542e+02
-6.215169826229366663e+02
-5.350289368696097654e+02
-4.659453144171701524e+02
-4.011028420470768197e+02
-3.492979791893811239e+02
-3.006975408383470381e+02
-2.618674556399772086e+02
-2.254249808583356298e+02
-1.963024169595582009e+02
-1.709497642450886019e+02
-1.471679078574138657e+02
-1.281612723031956023e+02
-1.103170260308055930e+02
-9.608561131004381650e+01
-8.367632032836414169e+01
-7.202101158354599875e+01
-6.272189732892022107e+01
-5.398826975194059941e+01
-4.701393406097125194e+01
-4.095066023954295531e+01
-3.526437753654542462e+01
-3.064623633576843176e+01
-2.656216588610170248e+01
-2.304358211408113277e+01
-1.996482131356313516e+01
-1.729446755801181013e+01
-1.500110492089126168e+01
-1.299048562259379480e+01
-1.126260966311940770e+01
-9.786061115932206178e+00
-8.466592201424493425e+00
-7.335618846132166304e+00
-6.361725123519330616e+00
-5.513495107050086830e+00
-4.790928796724434946e+00
-4.162610266006476323e+00
-3.597123588360312763e+00
-3.125884690321844239e+00
-2.717477645355170779e+00
-2.340486526924395960e+00
-2.026327261565416649e+00
-1.774999849278233066e+00
-1.523672436991049706e+00
-1.335176877775662074e+00
-1.146681318560274443e+00
-9.896016858807848982e-01
-8.639379797371931069e-01
-7.696902001294992912e-01
-6.754424205218054755e-01
-5.811946409141117709e-01
-5.183627878423159308e-01
-4.555309347705200351e-01
-3.926990816987241395e-01
-3.612831551628261639e-01
-3.298672286269282994e-01
-2.984513020910303238e-01
-2.670353755551324593e-01
-2.356194490192344559e-01
-2.042035224833365636e-01
-1.727875959474386158e-01
-1.413716694115406958e-01
-1.099557428756427618e-01
-7.853981633974482790e-02
-4.712388980384689396e-02
-1.570796326794896697e-02
1.570796326794896697e-02
4.712388980384689396e-02
7.853981633974482790e-02
1.099557428756427618e-01
1.413716694115406958e-01
1.727875959474386158e-01
2.042035224833365636e-01
2.356194490192344559e-01
2.670353755551324593e-01
2.984513020910303238e-01
3.298672286269282994e-01
3.612831551628261639e-01
3.926990816987241395e-01
4.555309347705200351e-01
5.183627878423159308e-01
5.811946409141117709e-01
6.754424205218054755e-01
7.696902001294992912e-01
8.639379797371931069e-01
9.896016858807848982e-01
1.146681318560274443e+00
1.335176877775662074e+00
1.523672436991049706e+00
1.774999849278233066e+00
2.026327261565416649e+00
2.340486526924395960e+00
2.717477645355170779e+00
3.125884690321844239e+00
3.597123588360312763e+00
4.162610266006476323e+00
4.790928796724434946e+00
5.513495107050086830e+00
6.361725123519330616e+00
7.335618846132166304e+00
8.466592201424493425e+00
9.786061115932206178e+00
1.126260966311940770e+01
1.299048562259379480e+01
1.500110492089126168e+01
1.729446755801181013e+01
1.996482131356313516e+01
2.304358211408113277e+01
2.656216588610170248e+01
3.064623633576843176e+01
3.526437753654542462e+01
4.095066023954295531e+01
4.701393406097125194e+01
5.398826975194059941e+01
6.272189732892022107e+01
7.202101158354599875e+01
8.367632032836414169e+01
9.608561131004381650e+01
1.103170260308055930e+02
1.281612723031956023e+02
1.471679078574138657e+02
1.709497642450886019e+02
1.963024169595582009e+02
2.254249808583356298e+02
2.618674556399772086e+02
3.006975408383470381e+02
3.492979791893811239e+02
4.011028420470768197e+02
4.659453144171701524e+02
5.350289368696097654e+02
6.215169826229366663e+02
7.136913110792612542e+02
8.290191773925425878e+02
9.519811138540469528e+02
1.105856322026875205e+03
1.284581528089598351e+03
1.475087706603283550e+03
1.713503173084213131e+03
2.013525271502038322e+03
2.338962854487404911e+03
2.748469456882834038e+03
3.267146403990509043e+03
3.883652546330970381e+03
4.670056019377567281e+03
5.746616989909717631e+03
7.236234562535853911e+03
9.541849411005403454e+03
1.348288314715418892e+04
2.213083949247042256e+04
5.437360179886664991e+04
